0.0037979856,0.021946967,0.32048035
-0.038577273,-0.09461141,0.2804289
-0.042244658,-0.03731948,0.2905159
-0.010498352,-0.008028567,0.25085163
-0.016536735,-0.02415073,0.2801447
-0.016392333,9.331107E-4,0.27480316
-0.041118212,-0.03242618,0.2663908
0.0026827343,-0.007405162,0.2821417
-0.03270755,-0.012567341,0.26374722
-0.026811702,-0.05645418,0.094581604
0.02987564,0.10111958,0.33790588
-0.0019714572,0.051833034,0.31049728
0.0012500994,-0.023184836,0.32393932
-0.02130016,-0.0012960732,0.27140808
-0.0070924563,-0.031785965,0.29450512
-0.008426344,-0.0010814667,0.28844738
-0.14076743,0.051409304,0.23107052
0.073505506,-0.09158641,0.34817314
-0.011909278,0.03414263,0.15790653
-0.09998555,-0.13571598,0.112978935
0.14637247,0.23867488,0.27534962
0.066631526,0.20483777,0.31752586
0.10198268,-0.03022778,0.076880455
-0.10678798,-0.12732232,0.051674843
0.018247277,-0.12745716,0.1843214
0.18441877,-0.094726264,0.22563934
0.37514627,-0.1465517,0.31895733
-0.025577724,0.04400915,0.4366436
-0.86680603,0.01837156,0.35018063
-0.8225235,0.17107949,0.32387066
-0.1921556,0.11315289,0.22709465
0.43674317,-0.064596176,0.15642738
0.17679255,0.0025621057,0.5230799
0.30154,-0.13838705,0.13827133
0.045397818,0.07986291,0.23833561
-0.24834463,-0.005840417,0.40967464
-0.200214,-0.0612538,0.18121433
-0.006621912,0.06612709,0.44461346
0.13201976,-0.036972046,0.44572258
0.9898485,-0.21633312,0.47986317
0.3288508,-0.24672401,0.45296383
-1.8904183,0.30313426,0.20274734
-2.9136045,0.79532796,-0.47209644
-0.56756616,-0.021225825,0.107375145
2.105908,-0.8057961,0.78325653
0.19922304,0.2545752,0.90772915
-0.18201774,-0.027303994,0.26424408
-0.2914061,1.7735362E-4,0.1610117
-0.02905038,0.09864475,0.18585873
0.26145282,-0.045765117,0.43163872
0.9895951,0.044733733,0.5044317
0.88109285,-0.72059834,1.0057907
-2.3042557,-0.33783528,-0.16234684
-1.7436202,0.36605233,-0.3217373
-0.27945566,-0.0636431,-0.38746548
0.7314886,-0.30030876,0.6935768
3.0276566,0.023446381,1.0962372
-0.5839476,-0.015758455,0.5535183
-0.14667994,0.109627366,0.014281273
0.078845605,0.1191386,0.011846542
0.017855465,-0.016031645,0.38453007
0.083212025,0.028759481,0.17486
-0.023567744,0.12360157,0.31140232
0.017868808,0.011451861,0.2825327
-0.24087252,-0.11385318,0.27204704
-1.3242972,-0.13447788,0.6216326
0.024936944,-0.7837083,1.2566519
2.267649,-0.4191687,-0.42481804
5.446765,1.1304567,-2.7232842
3.9346867,-1.0938991,1.1645517
-4.7467866,-0.7156142,1.1268473
-0.83015394,0.3632711,0.53651714
-0.14897572,-0.2141279,0.2525301
0.34183028,0.26474047,-0.0074090958
0.11473253,0.05813533,0.38283825
0.054488555,-0.01624161,0.17405033
0.16943397,0.028305292,0.29447365
-0.034029484,-0.032908022,0.4348154
0.1318121,-0.013474673,0.30545998
0.009683847,-0.014544696,0.27110386
0.11379579,0.07087481,0.20864105
0.106316,-0.05061397,0.22641468
-0.1928934,0.09467459,0.11001682
-0.7202675,0.036158323,0.5129967
-2.9942513,-0.7918656,1.4578266
-0.0101487525,0.20939393,-0.21002102
5.5587087,-0.41732028,-1.4153576
3.922376,-0.002798915,-0.36289024
-1.0054015,-1.1307403,-0.40336227
-3.7287052,0.073509365,2.0973806
-0.1780302,0.30692953,0.261734
0.12720962,-0.06630869,0.21160316
0.0993593,0.11758846,0.13725758
-0.077621296,0.21260878,0.32780743
-0.17110746,-0.23636968,0.40943718
-1.115607,-0.28215292,0.16120529
-1.3637407,-0.084328085,1.4994583
2.7189503,0.8632067,-0.53788185
2.5076904,-0.41164815,-0.5571737
-0.41871095,-0.3712921,0.3910427
-4.505413,0.9421323,0.6419563
-2.2551694,0.11261466,0.79007816
0.13497676,-0.09837218,0.26581955
0.19637787,-0.055995345,0.019220352
0.14371642,-0.012739599,0.18797684
0.06508306,-0.0035932362,0.0122795105
-0.40973,-0.30760825,0.8388891
-3.207182,-0.4507271,0.5709934
0.86348474,0.5593183,0.47246265
4.396598,-0.6092897,-0.77551746
2.663013,-0.20654947,0.2014885
-2.4363391,-0.96501875,1.2078047
-0.61214054,0.099630415,0.48350334
0.23878813,-0.011889324,0.369462
0.63184583,-0.052267835,0.4260273
0.25365093,-0.13083851,0.47194767
-1.3968647,-0.2896923,0.8516693
-0.23981881,0.04812762,0.1836729
1.807372,0.39461827,0.84763336
3.3988023,1.2230451,1.4142971
3.709449,-0.820221,-0.19276524
-0.52291954,0.15327018,0.5918274
-0.019727167,-0.2960034,0.80475235
-1.2707202,-0.16867852,0.36102295
-3.5339594E-4,-0.004508773,0.7430887
0.22635326,0.21192902,0.15463066
0.17757218,-0.065547734,0.04277134
0.12084627,0.12031463,0.23758316
0.16430105,-0.06470178,0.25052357
0.091963336,0.43884343,1.4645519
0.36903697,0.9563298,5.243372
-0.026750147,-1.2260938,-0.76967907
0.2884478,-2.5387206,-6.7648335
0.7926726,-0.69219625,-3.9719176
0.12109412,0.3313086,7.154209
-0.15990126,0.42369467,1.6604204
0.09950149,-0.17611179,-0.22705746
0.05952096,-0.016064078,0.39492226
-0.12274116,-0.06653547,0.2749176
-0.14383653,1.0997171,2.8713179
0.63493466,-0.15050417,3.2380266
0.6187473,-1.6824851,-4.0284977
-0.45661533,-3.8971944,-7.2674794
-0.0069370866,-0.44082534,-2.1461887
-0.5907169,-0.70754933,5.7816954
0.4228089,0.32708824,0.97862244
-0.09064894,0.019710422,-0.22683239
-0.03584674,0.10544583,0.42628098
-0.009293223,-0.13246626,0.26876736
0.049732566,0.6980523,1.4444523
0.57540274,1.3825917,5.5991335
-0.028280847,-1.0812186,-2.0184817
0.3231902,-2.448738,-6.937198
0.6992276,0.0427773,-4.6931725
-0.077783346,0.8197756,6.857375
0.16827348,0.7773412,2.0668507
-0.7403648,0.08197272,0.20388699
0.22044653,0.011761427,-0.6899166
0.055401094,0.4004781,1.5646515
0.26271918,0.40039012,1.0989084
0.046599798,0.1969595,0.6562872
-0.38348818,-0.0553172,1.8047352
0.38076693,-0.24742788,2.2991657
0.386577,-1.2811799,-2.5192904
-0.9055823,-2.43861,-6.604109
0.1256234,-1.7720567,-2.7056003
-1.4005778,0.16368333,7.9619255
-0.10630679,-0.06892151,1.9249306
-0.43713436,-0.40667358,-0.39144897
0.11517162,0.043998778,0.38386917
0.27880055,-0.5640786,4.242322
-0.1001292,-0.17660567,1.3497486
0.5459175,-1.393107,-2.6813445
1.1464306,-1.7303777,-3.8711424
1.0022346,-3.6997333,-4.5265737
-0.5634023,0.11681679,4.727745
-0.27261335,-0.25713882,1.4211712
0.18282169,-0.47091016,0.9966078
0.046658486,0.09643585,0.7473984
0.0098077655,-0.15160364,0.19981956
0.053174436,-0.090660095,0.38941765
-0.124465585,-0.18655655,0.35766125
-0.09758869,-0.078145474,0.114993095
0.12955004,0.02472137,0.074910164
-0.19219884,-0.18658632,0.35793877
-0.0531525,0.03653431,0.12340832
-0.24626628,0.08676976,-1.6170712
0.14789867,-0.24730846,-1.5323706
0.26888597,1.2551103,-0.06800175
2.2038085,1.9164909,6.294548
-0.064193845,0.5069846,3.0946388
-0.11304057,-0.13927305,-1.5972004
0.09228158,0.22492176,-3.350892
-0.13572776,-0.03647138,-0.30600452
0.003047824,-0.14795172,0.6252403
0.17334992,0.0081475675,0.4353056
-0.013531804,0.18968302,0.016869545
0.0685212,-0.2710022,0.15430832
-0.043632686,0.63384235,-2.382594
0.069835305,-1.3438989,-1.127141
-0.294392,-0.7091764,2.4060583
-0.82278013,0.16253978,3.1172066
-0.20718032,0.13972044,2.2871408
0.9047506,-0.21307817,-3.5864248
-0.34575826,-0.16241287,-2.2639956
-0.07758713,0.10757779,0.2604723
0.02346021,-0.106007814,0.53793716
0.06860179,-0.17175639,0.5736494
-0.03797543,-0.107014954,0.061760902
0.020073593,-0.24605018,0.32105255
-0.014748752,-0.033929884,-0.045289993
-0.18686903,-0.24818026,-2.9266639
-0.5966395,-0.0892213,-3.419304
-0.28831667,-0.05615151,5.1582556
0.06337035,0.08936998,4.7062035
0.19666989,-0.12044585,2.0091982
0.17690086,-0.6211866,-3.0279207
-0.042459816,-0.13173294,-1.7406225
0.051405806,-0.103689015,0.5221882
0.11477065,0.017212808,0.3238449
0.037917256,-0.011369854,0.20794678
-0.06448415,-0.037625343,0.27282333
-0.18932593,-0.34102786,-1.7328339
0.0827927,-1.084476,-5.0210934
0.7266543,1.2882638,6.110223
-0.37976477,-0.51646173,-0.4690838
0.4036572,0.72851586,4.068596
-0.35520175,-0.028441846,-0.7605963
0.09487082,-1.3046775,-2.8566084
-0.212138,-0.37901938,-1.2383947
-0.015687108,0.02168405,0.003578186
0.06833243,0.17715776,0.5626221
-0.14547911,0.028582215,0.2719221
0.23987621,-0.226477,0.4498043
0.17167324,-0.22191812,0.4611845
0.015181184,-0.05725786,0.26743793
-0.042855084,0.0011284351,0.36300945
-0.065303445,0.08930823,0.28608036
-0.005653858,-0.016354084,0.18655968
0.03868538,0.07226503,0.2535448
-0.01284188,0.12322813,0.16096592
-0.05483079,0.09801376,0.20761395
0.075784266,0.08806473,0.3097067
0.07173103,0.026623607,0.5064354
-0.0023041964,-0.13723737,-0.050857544
0.034038603,-0.098897934,0.31578732
-0.0065253377,-0.08318144,0.6172972
0.08592707,0.087070644,0.29688168
0.011554897,0.119547725,0.13778305
0.042228997,0.14731812,0.24215412
0.02980727,0.106692076,0.28098297
0.019905627,0.031870782,0.25541782
0.02738911,0.043136954,0.28702927
0.028439403,0.055306196,0.30758762
-0.03396386,0.09576148,0.22592354
-0.03410566,0.006064534,0.31271935
0.04418856,0.052938282,0.2183094
0.006258607,0.07598323,0.2430954
-0.00509274,-0.0122666955,0.23854065
0.015561938,-0.008606553,0.26451588
-0.0016297102,0.09831101,-0.13248253
0.03323543,0.6185427,-0.7383814
-0.10209576,-0.29062194,0.15199375
-0.02729448,-0.6664646,0.4481945
0.36746228,1.9225705,2.0956306
0.111860126,-0.2800412,0.58423615
0.8470116,0.6529346,1.0076237
0.28022295,-0.12880945,0.2875986
-0.03713423,-0.059131496,0.27173424
-0.05621264,-0.07098878,0.2737627
-0.034140155,-0.051924292,0.29748058
-0.103619345,-0.017948749,0.29745102
0.06603886,0.04409648,0.2757702
0.07315045,0.03882094,0.2731247
0.07964408,-0.034501716,0.28493214
0.022786204,-0.038438007,0.28491402
0.060622126,-0.018732592,0.23224545
0.019246154,-0.038341198,0.30408764
0.03768827,-0.02902355,0.25862122
0.039180957,-0.06279004,0.28505707
0.005910594,-0.039628793,0.2659359
0.035735756,-0.007889118,0.28750324
0.009827852,0.0340495,0.27792263
0.013586268,0.0017193407,0.29947186
0.0118962675,-0.024997745,0.28750706
-0.024728302,-0.026213814,0.2875023
0.019611612,0.001365982,0.27553463
0.03505313,0.013228189,0.27794075
0.007185571,0.017610038,0.27554607
0.0016175508,0.027621686,0.27314377
-0.017631255,-0.0074911155,0.2827177
-0.0033923984,-0.02041478,0.273139
-0.02393251,0.0046740975,0.2803135
0.006939944,0.067238815,0.30184174
0.032961696,-0.021718485,0.27312756
0.0060874745,-0.067617744,0.2731657
